a = 8152
b = 27361080
c = 81.000000
d = 33.734940
e = 21
f = 2
g = 2.000000
h = 21.000000
i = 22.000000
j = 2
k = 22.000000
Area of a circle with 23.567000 circumference is 44.197605
14 feet in meters is 4.267200
76 degrees in Fahrenheit is 24.444444 in Celsius
